0 31
0 1
1 32
1 2
2 33
2 3
3 34
3 4
4 35
4 5
5 36
5 6
6 37
6 7
7 38
7 8
8 39
8 9
9 40
9 10
10 41
10 11
11 42
11 12
12 43
12 13
13 44
13 14
14 45
14 15
15 46
15 16
16 47
16 17
17 48
17 18
18 49
18 19
19 50
19 20
20 51
20 21
21 52
21 22
22 53
22 23
23 54
23 24
24 55
24 25
25 56
25 26
26 57
26 27
27 58
27 28
28 59
28 29
29 60
29 30
30 61
31 62
31 32
32 63
32 33
33 64
33 34
34 65
34 35
35 66
35 36
36 67
36 37
37 68
37 38
38 69
38 39
39 70
39 40
40 71
40 41
41 72
41 42
42 73
42 43
43 74
43 44
44 75
44 45
45 76
45 46
46 77
46 47
47 78
47 48
48 79
48 49
49 80
49 50
50 81
50 51
51 82
51 52
52 83
52 53
53 84
53 54
54 85
54 55
55 86
55 56
56 87
56 57
57 88
57 58
58 89
58 59
59 90
59 60
60 91
60 61
61 92
62 93
62 63
63 94
63 64
64 95
64 65
65 96
65 66
66 97
66 67
67 98
67 68
68 99
68 69
69 100
69 70
70 101
70 71
71 102
71 72
72 103
72 73
73 104
73 74
74 105
74 75
75 106
75 76
76 107
76 77
77 108
77 78
78 109
78 79
79 110
79 80
80 111
80 81
81 112
81 82
82 113
82 83
83 114
83 84
84 115
84 85
85 116
85 86
86 117
86 87
87 118
87 88
88 119
88 89
89 120
89 90
90 121
90 91
91 122
91 92
92 123
93 124
93 94
94 125
94 95
95 126
95 96
96 127
96 97
97 128
97 98
98 129
98 99
99 130
99 100
100 131
100 101
101 132
101 102
102 133
102 103
103 134
103 104
104 135
104 105
105 136
105 106
106 137
106 107
107 138
107 108
108 139
108 109
109 140
109 110
110 141
110 111
111 142
111 112
112 143
112 113
113 144
113 114
114 145
114 115
115 146
115 116
116 147
116 117
117 148
117 118
118 149
118 119
119 150
119 120
120 151
120 121
121 152
121 122
122 153
122 123
123 154
124 155
124 125
125 156
125 126
126 157
126 127
127 158
127 128
128 159
128 129
129 160
129 130
130 161
130 131
131 162
131 132
132 163
132 133
133 164
133 134
134 165
134 135
135 166
135 136
136 167
136 137
137 168
137 138
138 169
138 139
139 170
139 140
140 171
140 141
141 172
141 142
142 173
142 143
143 174
143 144
144 175
144 145
145 176
145 146
146 177
146 147
147 178
147 148
148 179
148 149
149 180
149 150
150 181
150 151
151 182
151 152
152 183
152 153
153 184
153 154
154 185
155 186
155 156
156 187
156 157
157 188
157 158
158 189
158 159
159 190
159 160
160 191
160 161
161 192
161 162
162 193
162 163
163 194
163 164
164 195
164 165
165 196
165 166
166 197
166 167
167 198
167 168
168 199
168 169
169 200
169 170
170 201
170 171
171 202
171 172
172 203
172 173
173 204
173 174
174 205
174 175
175 206
175 176
176 207
176 177
177 208
177 178
178 209
178 179
179 210
179 180
180 211
180 181
181 212
181 182
182 213
182 183
183 214
183 184
184 215
184 185
185 216
186 217
186 187
187 218
187 188
188 219
188 189
189 220
189 190
190 221
190 191
191 222
191 192
192 223
192 193
193 224
193 194
194 225
194 195
195 226
195 196
196 227
196 197
197 228
197 198
198 229
198 199
199 230
199 200
200 231
200 201
201 232
201 202
202 233
202 203
203 234
203 204
204 235
204 205
205 236
205 206
206 237
206 207
207 238
207 208
208 239
208 209
209 240
209 210
210 241
210 211
211 242
211 212
212 243
212 213
213 244
213 214
214 245
214 215
215 246
215 216
216 247
217 248
217 218
218 249
218 219
219 250
219 220
220 251
220 221
221 252
221 222
222 253
222 223
223 254
223 224
224 255
224 225
225 256
225 226
226 257
226 227
227 258
227 228
228 259
228 229
229 260
229 230
230 261
230 231
231 262
231 232
232 263
232 233
233 264
233 234
234 265
234 235
235 266
235 236
236 267
236 237
237 268
237 238
238 269
238 239
239 270
239 240
240 271
240 241
241 272
241 242
242 273
242 243
243 274
243 244
244 275
244 245
245 276
245 246
246 277
246 247
247 278
248 279
248 249
249 280
249 250
250 281
250 251
251 282
251 252
252 283
252 253
253 284
253 254
254 285
254 255
255 286
255 256
256 287
256 257
257 288
257 258
258 289
258 259
259 290
259 260
260 291
260 261
261 292
261 262
262 293
262 263
263 294
263 264
264 295
264 265
265 296
265 266
266 297
266 267
267 298
267 268
268 299
268 269
269 300
269 270
270 301
270 271
271 302
271 272
272 303
272 273
273 304
273 274
274 305
274 275
275 306
275 276
276 307
276 277
277 308
277 278
278 309
279 310
279 280
280 311
280 281
281 312
281 282
282 313
282 283
283 314
283 284
284 315
284 285
285 316
285 286
286 317
286 287
287 318
287 288
288 319
288 289
289 320
289 290
290 321
290 291
291 322
291 292
292 323
292 293
293 324
293 294
294 325
294 295
295 326
295 296
296 327
296 297
297 328
297 298
298 329
298 299
299 330
299 300
300 331
300 301
301 332
301 302
302 333
302 303
303 334
303 304
304 335
304 305
305 336
305 306
306 337
306 307
307 338
307 308
308 339
308 309
309 340
310 341
310 311
311 342
311 312
312 343
312 313
313 344
313 314
314 345
314 315
315 346
315 316
316 347
316 317
317 348
317 318
318 349
318 319
319 350
319 320
320 351
320 321
321 352
321 322
322 353
322 323
323 354
323 324
324 355
324 325
325 356
325 326
326 357
326 327
327 358
327 328
328 359
328 329
329 360
329 330
330 361
330 331
331 362
331 332
332 363
332 333
333 364
333 334
334 365
334 335
335 366
335 336
336 367
336 337
337 368
337 338
338 369
338 339
339 370
339 340
340 371
341 372
341 342
342 373
342 343
343 374
343 344
344 375
344 345
345 376
345 346
346 377
346 347
347 378
347 348
348 379
348 349
349 380
349 350
350 381
350 351
351 382
351 352
352 383
352 353
353 384
353 354
354 385
354 355
355 386
355 356
356 387
356 357
357 388
357 358
358 389
358 359
359 390
359 360
360 391
360 361
361 392
361 362
362 393
362 363
363 394
363 364
364 395
364 365
365 396
365 366
366 397
366 367
367 398
367 368
368 399
368 369
369 400
369 370
370 401
370 371
371 402
372 403
372 373
373 404
373 374
374 405
374 375
375 406
375 376
376 407
376 377
377 408
377 378
378 409
378 379
379 410
379 380
380 411
380 381
381 412
381 382
382 413
382 383
383 414
383 384
384 415
384 385
385 416
385 386
386 417
386 387
387 418
387 388
388 419
388 389
389 420
389 390
390 421
390 391
391 422
391 392
392 423
392 393
393 424
393 394
394 425
394 395
395 426
395 396
396 427
396 397
397 428
397 398
398 429
398 399
399 430
399 400
400 431
400 401
401 432
401 402
402 433
403 434
403 404
404 435
404 405
405 436
405 406
406 437
406 407
407 438
407 408
408 439
408 409
409 440
409 410
410 441
410 411
411 442
411 412
412 443
412 413
413 444
413 414
414 445
414 415
415 446
415 416
416 447
416 417
417 448
417 418
418 449
418 419
419 450
419 420
420 451
420 421
421 452
421 422
422 453
422 423
423 454
423 424
424 455
424 425
425 456
425 426
426 457
426 427
427 458
427 428
428 459
428 429
429 460
429 430
430 461
430 431
431 462
431 432
432 463
432 433
433 464
434 465
434 435
435 466
435 436
436 467
436 437
437 468
437 438
438 469
438 439
439 470
439 440
440 471
440 441
441 472
441 442
442 473
442 443
443 474
443 444
444 475
444 445
445 476
445 446
446 477
446 447
447 478
447 448
448 479
448 449
449 480
449 450
450 481
450 451
451 482
451 452
452 483
452 453
453 484
453 454
454 485
454 455
455 486
455 456
456 487
456 457
457 488
457 458
458 489
458 459
459 490
459 460
460 491
460 461
461 492
461 462
462 493
462 463
463 494
463 464
464 495
465 496
465 466
466 497
466 467
467 498
467 468
468 499
468 469
469 500
469 470
470 501
470 471
471 502
471 472
472 503
472 473
473 504
473 474
474 505
474 475
475 506
475 476
476 507
476 477
477 508
477 478
478 509
478 479
479 510
479 480
480 511
480 481
481 512
481 482
482 513
482 483
483 514
483 484
484 515
484 485
485 516
485 486
486 517
486 487
487 518
487 488
488 519
488 489
489 520
489 490
490 521
490 491
491 522
491 492
492 523
492 493
493 524
493 494
494 525
494 495
495 526
496 527
496 497
497 528
497 498
498 529
498 499
499 530
499 500
500 531
500 501
501 532
501 502
502 533
502 503
503 534
503 504
504 535
504 505
505 536
505 506
506 537
506 507
507 538
507 508
508 539
508 509
509 540
509 510
510 541
510 511
511 542
511 512
512 543
512 513
513 544
513 514
514 545
514 515
515 546
515 516
516 547
516 517
517 548
517 518
518 549
518 519
519 550
519 520
520 551
520 521
521 552
521 522
522 553
522 523
523 554
523 524
524 555
524 525
525 556
525 526
526 557
527 558
527 528
528 559
528 529
529 560
529 530
530 561
530 531
531 562
531 532
532 563
532 533
533 564
533 534
534 565
534 535
535 566
535 536
536 567
536 537
537 568
537 538
538 569
538 539
539 570
539 540
540 571
540 541
541 572
541 542
542 573
542 543
543 574
543 544
544 575
544 545
545 576
545 546
546 577
546 547
547 578
547 548
548 579
548 549
549 580
549 550
550 581
550 551
551 582
551 552
552 583
552 553
553 584
553 554
554 585
554 555
555 586
555 556
556 587
556 557
557 588
558 589
558 559
559 590
559 560
560 591
560 561
561 592
561 562
562 593
562 563
563 594
563 564
564 595
564 565
565 596
565 566
566 597
566 567
567 598
567 568
568 599
568 569
569 600
569 570
570 601
570 571
571 602
571 572
572 603
572 573
573 604
573 574
574 605
574 575
575 606
575 576
576 607
576 577
577 608
577 578
578 609
578 579
579 610
579 580
580 611
580 581
581 612
581 582
582 613
582 583
583 614
583 584
584 615
584 585
585 616
585 586
586 617
586 587
587 618
587 588
588 619
589 620
589 590
590 621
590 591
591 622
591 592
592 623
592 593
593 624
593 594
594 625
594 595
595 626
595 596
596 627
596 597
597 628
597 598
598 629
598 599
599 630
599 600
600 631
600 601
601 632
601 602
602 633
602 603
603 634
603 604
604 635
604 605
605 636
605 606
606 637
606 607
607 638
607 608
608 639
608 609
609 640
609 610
610 641
610 611
611 642
611 612
612 643
612 613
613 644
613 614
614 645
614 615
615 646
615 616
616 647
616 617
617 648
617 618
618 649
618 619
619 650
620 651
620 621
621 652
621 622
622 653
622 623
623 654
623 624
624 655
624 625
625 656
625 626
626 657
626 627
627 658
627 628
628 659
628 629
629 660
629 630
630 661
630 631
631 662
631 632
632 663
632 633
633 664
633 634
634 665
634 635
635 666
635 636
636 667
636 637
637 668
637 638
638 669
638 639
639 670
639 640
640 671
640 641
641 672
641 642
642 673
642 643
643 674
643 644
644 675
644 645
645 676
645 646
646 677
646 647
647 678
647 648
648 679
648 649
649 680
649 650
650 681
651 682
651 652
652 683
652 653
653 684
653 654
654 685
654 655
655 686
655 656
656 687
656 657
657 688
657 658
658 689
658 659
659 690
659 660
660 691
660 661
661 692
661 662
662 693
662 663
663 694
663 664
664 695
664 665
665 696
665 666
666 697
666 667
667 698
667 668
668 699
668 669
669 700
669 670
670 701
670 671
671 702
671 672
672 703
672 673
673 704
673 674
674 705
674 675
675 706
675 676
676 707
676 677
677 708
677 678
678 709
678 679
679 710
679 680
680 711
680 681
681 712
682 713
682 683
683 714
683 684
684 715
684 685
685 716
685 686
686 717
686 687
687 718
687 688
688 719
688 689
689 720
689 690
690 721
690 691
691 722
691 692
692 723
692 693
693 724
693 694
694 725
694 695
695 726
695 696
696 727
696 697
697 728
697 698
698 729
698 699
699 730
699 700
700 731
700 701
701 732
701 702
702 733
702 703
703 734
703 704
704 735
704 705
705 736
705 706
706 737
706 707
707 738
707 708
708 739
708 709
709 740
709 710
710 741
710 711
711 742
711 712
712 743
713 744
713 714
714 745
714 715
715 746
715 716
716 747
716 717
717 748
717 718
718 749
718 719
719 750
719 720
720 751
720 721
721 752
721 722
722 753
722 723
723 754
723 724
724 755
724 725
725 756
725 726
726 757
726 727
727 758
727 728
728 759
728 729
729 760
729 730
730 761
730 731
731 762
731 732
732 763
732 733
733 764
733 734
734 765
734 735
735 766
735 736
736 767
736 737
737 768
737 738
738 769
738 739
739 770
739 740
740 771
740 741
741 772
741 742
742 773
742 743
743 774
744 775
744 745
745 776
745 746
746 777
746 747
747 778
747 748
748 779
748 749
749 780
749 750
750 781
750 751
751 782
751 752
752 783
752 753
753 784
753 754
754 785
754 755
755 786
755 756
756 787
756 757
757 788
757 758
758 789
758 759
759 790
759 760
760 791
760 761
761 792
761 762
762 793
762 763
763 794
763 764
764 795
764 765
765 796
765 766
766 797
766 767
767 798
767 768
768 799
768 769
769 800
769 770
770 801
770 771
771 802
771 772
772 803
772 773
773 804
773 774
774 805
775 806
775 776
776 807
776 777
777 808
777 778
778 809
778 779
779 810
779 780
780 811
780 781
781 812
781 782
782 813
782 783
783 814
783 784
784 815
784 785
785 816
785 786
786 817
786 787
787 818
787 788
788 819
788 789
789 820
789 790
790 821
790 791
791 822
791 792
792 823
792 793
793 824
793 794
794 825
794 795
795 826
795 796
796 827
796 797
797 828
797 798
798 829
798 799
799 830
799 800
800 831
800 801
801 832
801 802
802 833
802 803
803 834
803 804
804 835
804 805
805 836
806 837
806 807
807 838
807 808
808 839
808 809
809 840
809 810
810 841
810 811
811 842
811 812
812 843
812 813
813 844
813 814
814 845
814 815
815 846
815 816
816 847
816 817
817 848
817 818
818 849
818 819
819 850
819 820
820 851
820 821
821 852
821 822
822 853
822 823
823 854
823 824
824 855
824 825
825 856
825 826
826 857
826 827
827 858
827 828
828 859
828 829
829 860
829 830
830 861
830 831
831 862
831 832
832 863
832 833
833 864
833 834
834 865
834 835
835 866
835 836
836 867
837 868
837 838
838 869
838 839
839 870
839 840
840 871
840 841
841 872
841 842
842 873
842 843
843 874
843 844
844 875
844 845
845 876
845 846
846 877
846 847
847 878
847 848
848 879
848 849
849 880
849 850
850 881
850 851
851 882
851 852
852 883
852 853
853 884
853 854
854 885
854 855
855 886
855 856
856 887
856 857
857 888
857 858
858 889
858 859
859 890
859 860
860 891
860 861
861 892
861 862
862 893
862 863
863 894
863 864
864 895
864 865
865 896
865 866
866 897
866 867
867 898
868 899
868 869
869 900
869 870
870 901
870 871
871 902
871 872
872 903
872 873
873 904
873 874
874 905
874 875
875 906
875 876
876 907
876 877
877 908
877 878
878 909
878 879
879 910
879 880
880 911
880 881
881 912
881 882
882 913
882 883
883 914
883 884
884 915
884 885
885 916
885 886
886 917
886 887
887 918
887 888
888 919
888 889
889 920
889 890
890 921
890 891
891 922
891 892
892 923
892 893
893 924
893 894
894 925
894 895
895 926
895 896
896 927
896 897
897 928
897 898
898 929
899 930
899 900
900 931
900 901
901 932
901 902
902 933
902 903
903 934
903 904
904 935
904 905
905 936
905 906
906 937
906 907
907 938
907 908
908 939
908 909
909 940
909 910
910 941
910 911
911 942
911 912
912 943
912 913
913 944
913 914
914 945
914 915
915 946
915 916
916 947
916 917
917 948
917 918
918 949
918 919
919 950
919 920
920 951
920 921
921 952
921 922
922 953
922 923
923 954
923 924
924 955
924 925
925 956
925 926
926 957
926 927
927 958
927 928
928 959
928 929
929 960
930 931
931 932
932 933
933 934
934 935
935 936
936 937
937 938
938 939
939 940
940 941
941 942
942 943
943 944
944 945
945 946
946 947
947 948
948 949
949 950
950 951
951 952
952 953
953 954
954 955
955 956
956 957
957 958
958 959
959 960
